<?xml version="1.0"?>
<opencv_storage>
<image_width>680</image_width>
<image_height>680</image_height>
<camera_matrix type_id="opencv-matrix">
  <rows>3</rows>
  <cols>3</cols>
  <dt>d</dt>
  <data>
    4.1348375569189909e+02 0. 3.3950000000000000e+02 0.
    4.1337931245380850e+02 3.3950000000000000e+02 0. 0. 1.</data></camera_matrix>
<distortion_coefficients type_id="opencv-matrix">
  <rows>1</rows>
  <cols>5</cols>
  <dt>d</dt>
  <data>
    -3.2649555861155222e-01 1.3004429680693103e-01 0. 0.
    -2.8221195225963395e-02</data></distortion_coefficients>
</opencv_storage>
